0 0.334375 0.3977485928705441 0.12375 0.0900562851782364
3 0.115 0.398686679174484 0.055 0.043151969981238276
3 0.35375 0.40150093808630394 0.1675 0.11632270168855535
0 0.11125 0.4080675422138837 0.0275 0.016885553470919325
2 0.32625 0.4596622889305816 0.39 0.43902439024390244
3 0.566875 0.4606003752345216 0.09125 0.039399624765478425
0 0.553125 0.46153846153846156 0.06625 0.03377110694183865
3 0.8775 0.46622889305816134 0.0525 0.03189493433395872
0 0.86875 0.46810506566604126 0.0375 0.03189493433395872
0 0.735 0.4699812382739212 0.0275 0.016885553470919325
2 0.57125 0.47654784240150094 0.195 0.13133208255159476
2 0.635 0.4831144465290807 0.155 0.13696060037523453
2 0.848125 0.4906191369606004 0.16875 0.14821763602251406
2 0.694375 0.49343339587242024 0.11125 0.13883677298311445