3 0.5099597372324645 0.3964135826020603 0.07819453273998729 0.19763449065242275
0 0.4988344988344988 0.4229301793208699 0.055944055944055944 0.14383822968332696
3 0.7191142191142191 0.47119420068676077 0.03877940241576605 0.15261350629530712
0 0.7151938970120788 0.49008012209080504 0.030938758211485486 0.11407859595574209
2 0.29974570883661794 0.5164059519267455 0.513456240728968 0.8527279664250286
2 0.6157024793388429 0.5694391453643648 0.26721763085399447 0.6215185043876383
3 0.8592922229285865 0.574017550553224 0.01991947446492901 0.08737123235406334
0 0.8588684043229498 0.5822205265165967 0.015257469802924348 0.0663868752384586
3 0.9404534859080314 0.5982449446776039 0.018648018648018648 0.0793590232735597
0 0.9389701207883026 0.6064479206409767 0.014409832591650773 0.05837466615795498
2 0.7762237762237763 0.6476535673407097 0.19877092604365332 0.45974818771461273
2 0.8727484636575545 0.6699732926363984 0.16126297944479762 0.3990843189622282